    80.600    -95.500    417.430     -0.664    646.940    -12.499
    81.800    -20.200    415.160     -2.934    664.110      4.671
    83.200    101.100    406.370    -11.724    654.450     -4.989
    72.600   -157.000    412.730     -5.364    647.970    -11.470
    74.600   -115.600    421.970      3.876    659.030     -0.409
    75.200    -82.500    426.870      8.776    662.940      3.501
    76.100    -40.600    421.230      3.136    662.600      3.161
    76.400    -10.500    415.820     -2.274    662.550      3.111
    74.400     39.500    418.810      0.716    651.420     -8.019
    72.100     73.600    421.890      3.796    659.540      0.101
    75.000    126.200    411.240     -6.854    661.790      2.351
    70.800    163.700    420.230      2.136    659.820      0.381
    62.900   -170.000    422.900      4.806    667.790      8.351
    64.200   -145.900    421.580      3.486    657.290     -2.149
    65.400   -120.200    423.100      5.006    657.950     -1.489
    64.800    -98.900    428.060      9.966    657.450     -1.989
    65.000    -76.800    425.470      7.376    649.190    -10.249
    63.900    -44.800    406.130    -11.964    633.670    -25.770
    63.500    -24.700    410.380     -7.714    656.210     -3.229
    64.800      0.400    417.640     -0.454    642.460    -16.979
    63.400     21.400    417.490     -0.604    653.510     -5.929
    64.000     49.700    429.120     11.026    654.660     -4.779
    65.400     73.800    427.330      9.236    658.650     -0.789
    65.300     92.300    415.740     -2.354    668.470      9.031
    63.000    119.500    418.640      0.546    674.790     15.351
    63.600    155.000    426.970      8.876    674.650     15.211
    63.000    166.500    422.210      4.116    662.710      3.271
    53.100   -174.700    417.540     -0.554    666.120      6.681
    54.700   -155.700    422.750      4.656    665.000      5.561
    53.400   -138.400    421.110      3.016    663.150      3.711
    54.200   -121.600    424.910      6.816    659.280     -0.159
    56.600   -100.900    423.560      5.466    655.280     -4.159
    54.500    -87.900    427.260      9.166    676.910     17.471
    55.500    -72.600    424.620      6.526    663.610      4.171
    56.600    -50.400    404.850    -13.244    640.940    -18.500
    55.100    -32.700    406.320    -11.774    663.890      4.451
    55.900    -22.600    408.770     -9.324    660.350      0.911
    57.200     -2.600    409.220     -8.874    638.380    -21.059
    55.400     19.700    419.430      1.336    658.340     -1.099
    55.100     32.700    414.800     -3.294    667.910      8.471
    54.900     51.400    425.420      7.326    662.720      3.281
    54.300     65.400    433.500     15.406    667.690      8.251
    54.200     86.900    419.930      1.836    675.570     16.131
    51.400    105.800    415.050     -3.044    665.500      6.061
    50.100    123.300    425.510      7.416    678.840     19.401
    51.500    137.400    427.920      9.826    681.320     21.881
    53.900    156.200    421.880      3.786    664.310      4.871
    53.700    172.000    413.260     -4.834    661.670      2.231
    45.500   -175.700    420.400      2.306    665.920      6.481
    44.400   -162.400    427.120      9.026    669.280      9.841
    46.000   -141.700    416.150     -1.944    665.440      6.001
    45.600   -131.800    418.300      0.206    665.250      5.811
    41.600   -119.400    432.920     14.826    674.140     14.701
    44.000   -103.900    416.790     -1.304    668.110      8.671
    47.300    -89.100    422.610      4.516    670.720     11.280
    48.100    -82.500    425.620      7.526    668.140      8.701
    46.800    -61.200    417.050     -1.044    653.160     -6.279
    48.200    -51.300    416.610     -1.484    656.470     -2.969
    47.100    -30.600    407.540    -10.554    659.380     -0.059
    44.700    -24.000    415.900     -2.194    662.970      3.531
    43.600     -9.800    428.360     10.266    657.150     -2.289
    46.800      8.100    414.850     -3.244    659.220     -0.219
    45.700     23.400    413.880     -4.214    675.650     16.211
    46.700     30.600    407.230    -10.864    667.730      8.291
    44.400     50.800    417.480     -0.614    677.580     18.141
    43.400     63.800    431.460     13.366    677.600     18.160
    41.900     76.800    427.210      9.116    668.420      8.981
    42.900     91.900    419.360      1.266    660.760      1.321
    45.400    104.900    424.930      6.836    662.860      3.421
    47.200    118.700    425.290      7.196    672.030     12.591
    47.000    131.700    425.680      7.586    676.300     16.860
    46.000    145.600    425.690      7.596    674.280     14.841
    45.200    159.700    417.700     -0.394    663.610      4.171
    45.800    173.800    417.220     -0.874    661.970      2.531
    36.000   -176.100    429.120     11.026    659.350     -0.089
    35.500   -160.600    428.150     10.056    662.140      2.701
    32.300   -151.700    429.910     11.816    663.660      4.221
    34.600   -136.200    420.660      2.566    668.320      8.881
    35.500   -124.600    419.590      1.496    672.370     12.931
    35.400   -116.100    428.690     10.596    669.340      9.901
    34.900   -106.500    418.610      0.516    666.820      7.381
    35.900    -89.900    420.720      2.626    668.280      8.841
    33.400    -78.700    420.780      2.686    655.340     -4.099
    33.400    -63.800    417.550     -0.544    649.800     -9.639
    31.500    -54.300    419.700      1.606    671.760     12.321
    32.000    -41.200    425.790      7.696    655.600     -3.839
    35.400    -26.400    417.000     -1.094    663.860      4.421
    34.500    -19.400    419.490      1.396    663.190      3.751
    32.900     -8.400    407.430    -10.664    651.570     -7.869
    33.000      4.200    404.280    -13.814    645.520    -13.919
    36.800     19.500    409.950     -8.144    660.640      1.201
    35.700     29.500    410.220     -7.874    673.210     13.771
    35.900     41.800    400.170    -17.924    680.350     20.910
    35.500     55.600    421.650      3.556    675.050     15.611
    35.400     66.400    431.680     13.586    669.120      9.681
    36.200     78.800    426.320      8.226    663.210      3.771
    36.800     88.900    417.700     -0.394    662.720      3.281
    35.800    102.600    421.840      3.746    649.030    -10.409
    33.000    112.400    424.600      6.506    650.350     -9.089
    35.200    128.300    425.220      7.126    669.950     10.511
    37.500    136.900    420.790      2.696    656.290     -3.149
    39.100    151.100    417.340     -0.754    649.360    -10.079
    36.700    164.400    419.990      1.896    660.350      0.911
    36.900    174.000    429.080     10.986    662.240      2.801
    26.800   -176.900    425.190      7.096    656.270     -3.169
    26.800   -162.700    424.670      6.576    656.340     -3.099
    26.700   -150.900    426.080      7.986    659.930      0.491
    24.300   -142.800    425.140      7.046    662.720      3.281
    23.800   -132.900    421.810      3.716    671.540     12.101
    30.100   -122.600    409.180     -8.914    666.670      7.231
    28.900   -108.200    430.000     11.906    659.650      0.211
    27.900   -102.800    417.920     -0.174    659.750      0.311
    27.700    -84.100    410.190     -7.904    676.860     17.421
    26.300    -75.800    415.060     -3.034    643.560    -15.880
    23.800    -68.400    416.690     -1.404    648.800    -10.639
    25.400    -49.700    417.250     -0.844    641.040    -18.399
    23.500    -44.100    414.720     -3.374    647.980    -11.460
    23.100    -31.800    417.810     -0.284    662.190      2.751
    25.300    -20.500    410.940     -7.154    655.660     -3.779
    23.900    -12.200    405.210    -12.884    654.770     -4.669
    27.000     -3.800    414.420     -3.674    650.730     -8.709
    26.500     11.800    417.600     -0.494    656.460     -2.979
    25.700     23.600    420.310      2.216    668.430      8.991
    23.800     31.900    426.430      8.336    655.110     -4.329
    25.400     42.100    409.490     -8.604    663.360      3.921
    25.700     56.000    416.620     -1.474    662.020      2.581
    25.500     67.600    433.340     15.246    653.300     -6.139
    23.300     76.500    423.300      5.206    679.480     20.041
    26.400     86.600    415.120     -2.974    678.390     18.951
    27.900    100.700    418.380      0.286    655.000     -4.439
    28.000    109.300    419.410      1.316    651.920     -7.519
    25.200    118.400    423.560      5.466    671.390     11.951
    24.400    130.900    423.140      5.046    681.910     22.471
    25.800    139.500    419.740      1.646    653.560     -5.879
    24.100    152.800    420.750      2.656    653.490     -5.949
    27.500    166.900    413.750     -4.344    655.690     -3.749
    28.400    174.300    428.610     10.516    658.340     -1.099
    16.400   -173.900    416.550     -1.544    655.450     -3.989
    15.300   -163.400    414.640     -3.454    662.250      2.811
    15.400   -154.100    418.590      0.496    666.260      6.821
    16.900   -142.600    420.940      2.846    667.370      7.931
    14.800   -134.600    421.480      3.386    662.750      3.311
    13.600   -130.700    421.110      3.016    656.440     -2.999
    14.700   -111.200    418.250      0.156    665.440      6.001
    14.600   -102.800    420.780      2.686    652.890     -6.549
    15.900    -93.700    414.180     -3.914    654.510     -4.929
    16.900    -69.700    420.600      2.506    656.900     -2.539
    15.000    -61.800    420.170      2.076    651.770     -7.669
    15.000    -48.400    422.990      4.896    650.090     -9.349
    14.700    -38.700    411.960     -6.134    663.390      3.951
    14.600    -33.000    412.520     -5.574    659.380     -0.059
    15.700    -19.000    418.960      0.866    652.980     -6.459
    14.500     -9.800    418.480      0.386    654.720     -4.719
    11.800     -3.200    420.110      2.016    665.300      5.861
    13.300     12.000    417.680     -0.414    656.580     -2.859
    14.100     18.600    410.460     -7.634    649.890     -9.549
    15.100     32.700    430.820     12.726    639.750    -19.689
    15.600     38.300    430.880     12.786    650.460     -8.979
    14.200     52.500    429.780     11.686    659.730      0.291
    15.100     61.200    431.600     13.506    652.720     -6.719
    14.100     74.900    414.870     -3.224    655.310     -4.129
    14.400     78.400    409.650     -8.444    661.200      1.761
    13.900     93.800    402.780    -15.314    662.670      3.231
    15.500    103.900    404.440    -13.654    666.300      6.861
    16.200    114.200    405.650    -12.444    657.670     -1.769
    15.300    123.300    418.030     -0.064    664.420      4.981
    17.500    133.500    420.520      2.426    682.050     22.610
    16.200    143.800    424.100      6.006    667.080      7.641
    15.700    152.500    428.190     10.096    664.850      5.411
    12.900    167.300    426.270      8.176    657.820     -1.619
    17.700    175.800    430.140     12.046    645.890    -13.549
     3.900   -176.300    424.110      6.016    656.760     -2.679
     4.200   -163.200    429.850     11.756    662.730      3.291
     3.900   -155.300    420.440      2.346    666.110      6.671
     5.000   -145.200    418.300      0.206    668.030      8.591
     6.400   -135.000    421.540      3.446    655.160     -4.279
     5.900   -130.400    431.150     13.056    647.760    -11.679
     2.500   -115.900    423.930      5.836    655.280     -4.159
     5.700   -104.200    428.570     10.476    664.860      5.421
     4.700    -95.600    421.890      3.796    659.000     -0.439
     4.800    -82.800    429.580     11.486    653.880     -5.559
     4.200    -72.500    429.650     11.556    688.740     29.300
     4.100    -66.100    424.040      5.946    687.440     28.000
     5.800    -54.700    423.160      5.066    646.840    -12.599
     5.500    -42.400    419.760      1.666    656.710     -2.729
     6.700    -36.200    412.290     -5.804    663.800      4.361
     4.600    -23.800    420.860      2.766    662.200      2.761
     3.000    -13.100    424.350      6.256    655.740     -3.699
     4.000     -5.600    417.070     -1.024    651.690     -7.749
     4.500      3.200    412.740     -5.354    652.150     -7.289
     4.800     15.500    414.700     -3.394    646.270    -13.169
     4.200     23.300    417.730     -0.364    649.070    -10.369
     5.700     36.000    427.530      9.436    645.150    -14.289
     5.400     48.600    409.440     -8.654    644.060    -15.380
     6.000     56.500    425.280      7.186    656.350     -3.089
     5.500     65.400    424.880      6.786    656.080     -3.359
     5.100     77.200    415.710     -2.384    660.160      0.721
     2.700     82.100    411.510     -6.584    656.290     -3.149
     3.700     94.400    409.650     -8.444    661.860      2.421
     5.800    105.300    412.210     -5.884    673.230     13.790
     5.900    115.400    407.660    -10.434    661.130      1.691
     4.600    125.100    420.890      2.796    665.130      5.691
     6.000    134.800    410.200     -7.894    661.830      2.391
     7.800    143.800    423.520      5.426    660.150      0.711
     3.100    152.500    424.280      6.186    651.350     -8.089
     6.000    168.900    435.350     17.256    648.780    -10.659
     4.500    176.100    428.650     10.556    659.970      0.531
    -4.300   -176.700    412.670     -5.424    658.080     -1.359
    -5.200   -161.600    422.130      4.036    657.900     -1.539
    -6.800   -155.800    421.290      3.196    654.440     -4.999
    -5.300   -145.400    418.010     -0.084    655.800     -3.639
    -3.800   -134.400    417.490     -0.604    652.540     -6.899
    -4.400   -128.500    422.900      4.806    662.280      2.841
    -2.500   -115.300    429.000     10.906    652.180     -7.259
    -6.100   -103.600    425.080      6.986    668.130      8.691
    -6.500    -98.500    422.820      4.726    666.550      7.111
    -9.100    -83.200    422.680      4.586    650.450     -8.989
    -7.200    -75.800    429.040     10.946    662.350      2.911
    -3.400    -64.800    419.750      1.656    671.790     12.351
    -6.600    -53.800    425.720      7.626    679.660     20.221
    -7.600    -44.800    429.510     11.416    668.460      9.021
    -5.500    -36.400    424.560      6.466    662.820      3.381
    -4.000    -24.200    418.480      0.386    663.790      4.351
    -1.800    -12.700    425.980      7.886    649.680     -9.759
    -1.800     -7.400    416.070     -2.024    647.550    -11.889
    -3.200      3.000    419.400      1.306    651.010     -8.429
    -1.700     14.000    419.320      1.226    644.350    -15.089
    -4.400     22.300    425.240      7.146    655.370     -4.069
    -5.600     35.100    407.810    -10.284    633.340    -26.099
    -7.900     46.400    413.140     -4.954    644.320    -15.119
    -6.400     55.900    417.710     -0.384    656.950     -2.489
    -6.400     67.200    416.190     -1.904    662.310      2.871
    -2.000     77.800    413.700     -4.394    658.770     -0.669
    -3.700     84.900    416.230     -1.864    653.650     -5.789
    -5.900     93.000    419.710      1.616    654.600     -4.839
    -6.500    104.900    424.790      6.696    654.870     -4.569
    -4.900    115.300    425.400      7.306    681.490     22.050
    -3.400    124.500    421.990      3.896    675.030     15.591
    -3.300    132.700    408.060    -10.034    672.520     13.081
    -7.900    144.900    403.890    -14.204    674.760     15.321
    -7.000    156.300    409.540     -8.554    651.340     -8.099
    -7.500    166.900    423.020      4.926    658.280     -1.159
    -5.600    174.800    423.180      5.086    658.550     -0.889
   -15.800   -174.600    413.820     -4.274    669.890     10.451
   -15.400   -161.500    421.080      2.986    652.790     -6.649
   -14.700   -152.800    424.590      6.496    653.630     -5.809
   -16.600   -145.300    424.410      6.316    652.620     -6.819
   -15.500   -135.200    420.320      2.226    658.020     -1.419
   -16.100   -125.200    417.570     -0.524    666.620      7.181
   -17.400   -116.900    411.040     -7.054    669.010      9.571
   -11.700   -101.600    420.790      2.696    668.520      9.081
   -14.900    -87.800    421.610      3.516    652.880     -6.559
   -14.400    -81.700    425.050      6.956    655.400     -4.039
   -13.900    -75.400    426.330      8.236    662.290      2.851
   -13.100    -59.300    420.030      1.936    674.000     14.560
   -13.700    -49.100    418.540      0.446    672.850     13.411
   -13.800    -41.800    426.720      8.626    664.990      5.551
   -12.300    -31.800    424.080      5.986    649.800     -9.639
   -11.800    -22.000    411.230     -6.864    657.140     -2.299
   -13.000    -11.400    409.720     -8.374    661.540      2.101
   -13.500     -1.100    402.300    -15.794    669.660     10.221
   -18.200     21.100    414.650     -3.444    667.140      7.701
   -16.400     32.300    422.650      4.556    646.090    -13.349
   -16.200     43.400    415.330     -2.764    651.140     -8.299
   -15.200     52.800    408.920     -9.174    666.640      7.201
   -16.000     62.000    414.940     -3.154    665.920      6.481
   -14.200     71.800    417.140     -0.954    658.550     -0.889
   -14.700     85.200    425.050      6.956    659.010     -0.429
   -13.900     90.200    421.290      3.196    652.740     -6.699
   -12.800    102.300    412.470     -5.624    637.790    -21.649
   -10.600    110.100    421.670      3.576    653.080     -6.359
   -12.100    124.200    432.270     14.176    653.420     -6.019
   -13.600    133.600    429.050     10.956    666.210      6.771
   -15.500    146.200    416.320     -1.774    671.000     11.560
   -16.400    150.600    412.130     -5.964    668.320      8.881
   -12.600    166.600    424.850      6.756    667.700      8.261
   -13.100    175.400    420.140      2.046    668.130      8.691
   -23.700   -173.700    408.670     -9.424    676.360     16.921
   -24.500   -161.500    423.710      5.616    654.270     -5.169
   -22.700   -151.600    422.720      4.626    656.780     -2.659
   -24.400   -141.800    423.640      5.546    653.030     -6.409
   -27.000   -134.400    423.580      5.486    651.970     -7.469
   -22.700   -120.800    423.740      5.646    666.650      7.211
   -22.800   -109.700    409.870     -8.224    663.240      3.801
   -23.200    -98.100    412.110     -5.984    643.660    -15.780
   -18.600    -86.300    416.810     -1.284    645.630    -13.809
   -20.100    -77.200    427.100      9.006    662.210      2.771
   -19.300    -63.700    431.760     13.666    675.580     16.141
   -19.100    -53.200    418.750      0.656    673.520     14.081
   -19.900    -43.100    420.360      2.266    661.610      2.171
   -24.400    -33.600    426.100      8.006    646.490    -12.950
   -25.900    -22.300    411.080     -7.014    652.610     -6.829
   -23.800    -10.900    411.150     -6.944    680.370     20.930
   -25.000     -3.600    407.140    -10.954    681.940     22.500
   -25.100     13.500    403.660    -14.434    641.040    -18.399
   -26.200     22.400    413.040     -5.054    649.200    -10.239
   -25.600     31.500    412.940     -5.154    654.260     -5.179
   -25.700     44.300    412.760     -5.334    654.050     -5.389
   -23.900     54.200    416.400     -1.694    657.590     -1.849
   -26.000     65.200    409.440     -8.654    658.400     -1.039
   -24.600     74.100    410.000     -8.094    661.310      1.871
   -26.900     88.700    423.120      5.026    656.600     -2.839
   -27.200     94.200    420.530      2.436    663.220      3.781
   -29.300    106.700    413.980     -4.114    672.610     13.171
   -27.100    120.600    415.790     -2.304    668.500      9.061
   -26.200    133.500    421.770      3.676    660.160      0.721
   -24.500    143.200    427.990      9.896    657.340     -2.099
   -22.800    152.300    414.480     -3.614    674.140     14.701
   -23.100    160.900    402.230    -15.864    677.070     17.631
   -25.400    177.700    401.390    -16.704    674.230     14.790
   -31.500   -175.100    409.750     -8.344    670.430     10.991
   -35.200   -158.600    425.960      7.866    660.540      1.101
   -33.800   -149.400    419.530      1.436    661.140      1.701
   -32.500   -136.100    421.450      3.356    650.100     -9.339
   -35.300   -128.200    423.080      4.986    651.520     -7.919
   -38.700   -118.200    424.050      5.956    659.550      0.111
   -39.300    -99.500    401.800    -16.294    673.450     14.011
   -37.200    -89.000    401.600    -16.494    675.830     16.391
   -33.200    -36.300    418.730      0.636    644.530    -14.909
   -33.000    -31.400    415.490     -2.604    649.260    -10.179
   -33.400    -17.400    410.210     -7.884    660.140      0.701
   -36.400     -4.800    421.480      3.386    656.680     -2.759
   -34.800     -0.300    413.460     -4.634    649.120    -10.319
   -33.400     20.500    411.730     -6.364    646.060    -13.380
   -37.100     31.600    406.470    -11.624    649.640     -9.799
   -36.400     41.200    407.100    -10.994    653.640     -5.799
   -35.900     54.500    411.910     -6.184    649.940     -9.499
   -33.700     66.400    404.230    -13.864    654.940     -4.499
   -34.600     80.900    404.570    -13.524    653.750     -5.689
   -35.000     91.000    410.290     -7.804    657.370     -2.069
   -36.200    100.300    421.360      3.266    659.260     -0.179
   -37.400    112.800    419.020      0.926    655.970     -3.469
   -37.400    123.000    421.320      3.226    651.960     -7.479
   -33.100    139.300    414.230     -3.864    658.720     -0.719
   -37.200    151.600    401.340    -16.754    660.060      0.621
   -37.600    161.200    398.340    -19.754    660.700      1.261
   -34.800    176.300    407.470    -10.624    678.500     19.061
   -47.900   -170.500    412.030     -6.064    666.500      7.061
   -44.600   -157.900    420.030      1.936    663.040      3.601
   -46.100   -146.000    419.220      1.126    660.920      1.481
   -43.600   -130.700    423.620      5.526    657.420     -2.019
   -43.200   -119.900    421.880      3.786    659.060     -0.379
   -45.100   -105.300    416.760     -1.334    664.090      4.651
   -44.800    -93.000    415.400     -2.694    660.640      1.201
   -48.300    -79.600    436.400     18.306    664.420      4.981
   -47.200    -57.500    409.470     -8.624    670.370     10.931
   -48.000    -49.900    415.600     -2.494    657.090     -2.349
   -45.200    -34.200    412.770     -5.324    641.070    -18.369
   -46.300    -26.100    410.060     -8.034    662.000      2.561
   -41.400     -5.300    427.510      9.416    652.200     -7.239
   -44.000     26.400    414.310     -3.784    659.090     -0.349
   -43.800     37.100    403.630    -14.464    654.680     -4.759
   -46.900     49.600    408.840     -9.254    653.120     -6.319
   -47.400     57.600    410.920     -7.174    645.130    -14.309
   -48.700     80.200    408.140     -9.954    648.910    -10.529
   -44.800     91.400    403.130    -14.964    651.640     -7.799
   -43.300    101.800    413.560     -4.534    656.560     -2.879
   -40.500    115.400    416.090     -2.004    664.570      5.131
   -45.900    130.100    419.220      1.126    670.720     11.280
   -44.100    147.400    401.680    -16.414    666.240      6.801
   -42.900    159.000    415.750     -2.344    666.230      6.791
   -44.400    170.500    424.520      6.426    666.020      6.581
   -53.900   -166.600    427.850      9.756    654.790     -4.649
   -52.800   -154.200    430.850     12.756    662.680      3.241
   -54.400   -138.200    419.310      1.216    660.660      1.221
   -56.300   -126.700    414.450     -3.644    661.770      2.331
   -52.000    -98.600    431.260     13.166    645.330    -14.109
   -54.500    -84.900    431.750     13.656    667.260      7.821
   -56.300    -68.300    429.010     10.916    676.860     17.421
   -56.700    -52.000    418.410      0.316    676.910     17.471
   -52.900    -36.900    411.340     -6.754    650.420     -9.019
   -56.100    -14.100    417.000     -1.094    641.530    -17.909
   -56.600     -6.300    417.670     -0.424    639.590    -19.849
   -57.100     21.300    409.950     -8.144    648.000    -11.440
   -55.600     40.600    401.240    -16.854    652.590     -6.849
   -53.200     52.100    406.000    -12.094    653.030     -6.409
   -54.500     71.700    413.230     -4.864    647.300    -12.139
   -53.500     82.000    409.130     -8.964    647.470    -11.970
   -52.300    102.000    411.550     -6.544    634.960    -24.479
   -57.000    119.000    404.110    -13.984    658.460     -0.979
   -54.200    135.600    411.050     -7.044    670.870     11.431
   -55.300    156.800    402.890    -15.204    661.920      2.481
   -54.700    171.900    419.200      1.106    643.800    -15.639
   -63.300   -161.700    424.740      6.646    652.760     -6.679
   -60.800   -143.100    417.400     -0.694    660.120      0.681
   -62.400   -126.800    412.890     -5.204    654.460     -4.979
   -63.500    -90.700    402.620    -15.474    673.130     13.691
   -63.900    -65.800    418.840      0.746    679.010     19.571
   -66.600    -48.000    414.850     -3.244    653.290     -6.149
   -66.400    -26.400    416.630     -1.464    648.340    -11.099
   -64.000      0.700    412.060     -6.034    641.710    -17.729
   -65.800     25.000    406.060    -12.034    646.990    -12.450
   -62.600     44.700    404.080    -14.014    652.400     -7.039
   -59.600     70.800    409.300     -8.794    646.810    -12.630
   -65.200    103.200    403.370    -14.724    634.700    -24.739
   -67.700    117.200    405.850    -12.244    636.010    -23.429
   -66.100    132.800    404.670    -13.424    646.740    -12.700
   -62.400    169.300    400.810    -17.284    651.340     -8.099
   -79.200   -146.400    425.420      7.326    641.760    -17.679
   -78.500   -127.000    420.870      2.776    652.760     -6.679
   -75.100    -79.000    408.990     -9.104    651.270     -8.169
   -73.100    -46.400    417.800     -0.294    648.340    -11.099
   -72.600      6.000    413.530     -4.564    664.230      4.791
   -73.100     42.700    417.170     -0.924    665.770      6.331
   -73.400     93.700    408.610     -9.484    653.550     -5.889
   -72.200    114.000    408.290     -9.804    647.550    -11.889
   -74.100    155.500    409.150     -8.944    649.710     -9.729
   -81.700   -138.400    422.720      4.626    638.670    -20.770
   -80.700      7.400    424.090      5.996    649.690     -9.749
   -81.100    155.800    426.780      8.686    643.500    -15.940
